time	Torso_X	Torso_Y	Torso_Z	Torso_RXV	Torso_RYV	Torso_RZV	Torso_XV	Torso_YV	Torso_ZV	Torso_R00	Torso_R01	Torso_R02	Torso_R10	Torso_R11	Torso_R12	Torso_R20	Torso_R21	Torso_R22	RightThigh_X	RightThigh_Y	RightThigh_Z	RightThigh_RXV	RightThigh_RYV	RightThigh_RZV	RightThigh_XV	RightThigh_YV	RightThigh_ZV	RightThigh_R00	RightThigh_R01	RightThigh_R02	RightThigh_R10	RightThigh_R11	RightThigh_R12	RightThigh_R20	RightThigh_R21	RightThigh_R22	RightLeg_X	RightLeg_Y	RightLeg_Z	RightLeg_RXV	RightLeg_RYV	RightLeg_RZV	RightLeg_XV	RightLeg_YV	RightLeg_ZV	RightLeg_R00	RightLeg_R01	RightLeg_R02	RightLeg_R10	RightLeg_R11	RightLeg_R12	RightLeg_R20	RightLeg_R21	RightLeg_R22	RightFoot_X	RightFoot_Y	RightFoot_Z	RightFoot_RXV	RightFoot_RYV	RightFoot_RZV	RightFoot_XV	RightFoot_YV	RightFoot_ZV	RightFoot_R00	RightFoot_R01	RightFoot_R02	RightFoot_R10	RightFoot_R11	RightFoot_R12	RightFoot_R20	RightFoot_R21	RightFoot_R22	LeftThigh_X	LeftThigh_Y	LeftThigh_Z	LeftThigh_RXV	LeftThigh_RYV	LeftThigh_RZV	LeftThigh_XV	LeftThigh_YV	LeftThigh_ZV	LeftThigh_R00	LeftThigh_R01	LeftThigh_R02	LeftThigh_R10	LeftThigh_R11	LeftThigh_R12	LeftThigh_R20	LeftThigh_R21	LeftThigh_R22	LeftLeg_X	LeftLeg_Y	LeftLeg_Z	LeftLeg_RXV	LeftLeg_RYV	LeftLeg_RZV	LeftLeg_XV	LeftLeg_YV	LeftLeg_ZV	LeftLeg_R00	LeftLeg_R01	LeftLeg_R02	LeftLeg_R10	LeftLeg_R11	LeftLeg_R12	LeftLeg_R20	LeftLeg_R21	LeftLeg_R22	LeftFoot_X	LeftFoot_Y	LeftFoot_Z	LeftFoot_RXV	LeftFoot_RYV	LeftFoot_RZV	LeftFoot_XV	LeftFoot_YV	LeftFoot_ZV	LeftFoot_R00	LeftFoot_R01	LeftFoot_R02	LeftFoot_R10	LeftFoot_R11	LeftFoot_R12	LeftFoot_R20	LeftFoot_R21	LeftFoot_R22
1e-05	0	0	0.95	8.20436e-14	-3.58996e-14	1.57734	-0.343373	1.15259	4.40657e-14	-0.173619	0.984813	3.14193e-14	-5.20139e-14	2.27596e-14	-1	-0.984813	-0.173619	4.72955e-14	0	0	0.95	7.10968e-14	-5.44535e-14	-1.1148	-0.0581914	1.20124	4.40657e-14	0.0665844	0.997781	3.14193e-14	-4.50739e-14	3.45224e-14	-1	-0.997781	0.0665844	4.72955e-14	0.0302959	-2.05086e-14	0.49601	6.84333e-14	-5.77652e-14	-1.39559	-0.0251995	0.695991	6.8842e-14	0.113848	0.993498	3.14193e-14	-4.33853e-14	3.6622e-14	-1	-0.993498	0.113848	4.72955e-14	0.081755	-4.01188e-14	0.0469485	7.14442e-14	-5.39969e-14	-0.0931693	-0.0286726	0.0637342	9.49519e-14	0.0601908	0.998187	3.14193e-14	-4.52941e-14	3.42329e-14	-1	-0.998187	0.0601908	4.72955e-14	0	0	0.95	8.71498e-14	-2.06118e-14	1.66371	-0.544414	1.07237	4.40657e-14	-0.347335	0.937741	3.14193e-14	-5.52512e-14	1.30674e-14	-1	-0.937741	-0.347335	4.72955e-14	-0.158037	-2.51393e-14	0.523328	8.71362e-14	-2.06695e-14	1.66479	-0.543201	1.82972	5.34441e-14	-0.346713	0.937971	3.14193e-14	-5.52425e-14	1.3104e-14	-1	-0.937971	-0.346713	4.72955e-14	-0.314752	-5.01089e-14	0.0993649	8.19743e-14	-3.60576e-14	3.28853	-0.0682074	2.63784	6.27867e-14	-0.171721	0.985146	3.14193e-14	-5.197e-14	2.28597e-14	-1	-0.985146	-0.171721	4.72955e-14
2e-05	1.1947e-05	0	0.950001	8.20352e-14	-3.53705e-14	1.57718	-0.343373	1.15252	4.4019e-14	-0.173604	0.984816	3.14193e-14	-5.20139e-14	2.24265e-14	-1	-0.984816	-0.173604	4.69624e-14	1.1947e-05	0	0.950001	7.12164e-14	-5.39358e-14	-1.11433	-0.0582411	1.20117	4.4019e-14	0.0665732	0.997782	3.14193e-14	-4.51543e-14	3.41977e-14	-1	-0.997782	0.0665732	4.69624e-14	0.0303028	-2.05452e-14	0.496011	6.85774e-14	-5.72537e-14	-1.39599	-0.0252443	0.696136	6.85598e-14	0.113834	0.9935	3.14193e-14	-4.34811e-14	3.63014e-14	-1	-0.9935	0.113834	4.69624e-14	0.0817557	-4.01987e-14	0.0469489	7.15599e-14	-5.34792e-14	-0.106339	-0.0287145	0.0636949	9.44384e-14	0.0601899	0.998187	3.14193e-14	-4.53722e-14	3.39082e-14	-1	-0.998187	0.0601899	4.69624e-14	1.1947e-05	0	0.950001	8.70466e-14	-2.00929e-14	1.66401	-0.544401	1.0723	4.4019e-14	-0.347319	0.937747	3.14193e-14	-5.51915e-14	1.27398e-14	-1	-0.937747	-0.347319	4.69624e-14	-0.158018	-2.51121e-14	0.523327	8.70333e-14	-2.01506e-14	1.6647	-0.543188	1.82979	5.31612e-14	-0.346698	0.937977	3.14193e-14	-5.5183e-14	1.27764e-14	-1	-0.937977	-0.346698	4.69624e-14	-0.314726	-5.00548e-14	0.099361	8.19662e-14	-3.55299e-14	3.28777	-0.0681468	2.63787	6.22693e-14	-0.171689	0.985151	3.14193e-14	-5.19703e-14	2.25276e-14	-1	-0.985151	-0.171689	4.69624e-14
3e-05	2.38933e-05	0	0.950003	8.21191e-14	-3.55441e-14	1.57711	-0.343382	1.15249	4.40349e-14	-0.173588	0.984818	3.14193e-14	-5.20695e-14	2.25375e-14	-1	-0.984818	-0.173588	4.70735e-14	2.38933e-05	0	0.950003	7.12579e-14	-5.41224e-14	-1.11426	-0.0582892	1.20114	4.40349e-14	0.0665621	0.997782	3.14193e-14	-4.51827e-14	3.43176e-14	-1	-0.997782	0.0665621	4.70735e-14	0.0303097	-2.05581e-14	0.496012	6.86102e-14	-5.74418e-14	-1.396	-0.0252942	0.696142	6.86606e-14	0.11382	0.993501	3.14193e-14	-4.35038e-14	3.64223e-14	-1	-0.993501	0.11382	4.70735e-14	0.0817563	-4.02219e-14	0.0469492	7.1602e-14	-5.36663e-14	-0.119318	-0.0287636	0.0636937	9.46243e-14	0.0601888	0.998187	3.14193e-14	-4.54009e-14	3.40283e-14	-1	-0.998187	0.0601888	4.70735e-14	2.38933e-05	0	0.950003	8.71603e-14	-2.02487e-14	1.66408	-0.544403	1.07227	4.40349e-14	-0.347304	0.937753	3.14193e-14	-5.5266e-14	1.28391e-14	-1	-0.937753	-0.347304	4.70735e-14	-0.157999	-2.5146e-14	0.523325	8.71468e-14	-2.03064e-14	1.6649	-0.543191	1.82979	5.3248e-14	-0.346682	0.937983	3.14193e-14	-5.52574e-14	1.28758e-14	-1	-0.937983	-0.346682	4.70735e-14	-0.3147	-5.01224e-14	0.0993572	8.20492e-14	-3.5705e-14	3.28135	-0.0680903	2.63796	6.24265e-14	-0.171656	0.985157	3.14193e-14	-5.20252e-14	2.26396e-14	-1	-0.985157	-0.171656	4.70735e-14
4e-05	3.58393e-05	0	0.950004	8.20279e-14	-3.60678e-14	1.57704	-0.343391	1.15246	4.40662e-14	-0.173572	0.984821	3.14193e-14	-5.20139e-14	2.28706e-14	-1	-0.984821	-0.173572	4.72955e-14	3.58393e-05	0	0.950004	7.10458e-14	-5.46073e-14	-1.11419	-0.0583372	1.20112	4.40662e-14	0.066551	0.997783	3.14193e-14	-4.50502e-14	3.46265e-14	-1	-0.997783	0.066551	4.72955e-14	0.0303165	-2.04978e-14	0.496013	6.83755e-14	-5.79159e-14	-1.396	-0.0253439	0.696146	6.89125e-14	0.113806	0.993503	3.14193e-14	-4.33569e-14	3.67245e-14	-1	-0.993503	0.113806	4.72955e-14	0.0817569	-4.00952e-14	0.0469495	7.13925e-14	-5.41532e-14	-0.132165	-0.0288127	0.0636954	9.50905e-14	0.0601876	0.998187	3.14193e-14	-4.527e-14	3.43386e-14	-1	-0.998187	0.0601876	4.72955e-14	3.58393e-05	0	0.950004	8.71644e-14	-2.07803e-14	1.66414	-0.544406	1.07224	4.40662e-14	-0.347288	0.937758	3.14193e-14	-5.5271e-14	1.31768e-14	-1	-0.937758	-0.347288	4.72955e-14	-0.15798	-2.51483e-14	0.523324	8.71506e-14	-2.08381e-14	1.6651	-0.543193	1.82979	5.35212e-14	-0.346667	0.937988	3.14193e-14	-5.52623e-14	1.32134e-14	-1	-0.937988	-0.346667	4.72955e-14	-0.314674	-5.01269e-14	0.0993533	8.19564e-14	-3.62299e-14	3.27492	-0.068034	2.63805	6.294e-14	-0.171624	0.985163	3.14193e-14	-5.19686e-14	2.29734e-14	-1	-0.985163	-0.171624	4.72955e-14
5e-05	4.77851e-05	0	0.950006	8.20243e-14	-3.60662e-14	1.57697	-0.3434	1.15243	4.40821e-14	-0.173557	0.984824	3.14193e-14	-5.20139e-14	2.28706e-14	-1	-0.984824	-0.173557	4.74065e-14	4.77851e-05	0	0.950006	7.10441e-14	-5.4603e-14	-1.11412	-0.0583851	1.20109	4.40821e-14	0.0665399	0.997784	3.14193e-14	-4.50511e-14	3.46253e-14	-1	-0.997784	0.0665399	4.74065e-14	0.0303234	-2.04983e-14	0.496014	6.83742e-14	-5.79113e-14	-1.396	-0.0253936	0.696151	6.89265e-14	0.113792	0.993505	3.14193e-14	-4.3358e-14	3.67232e-14	-1	-0.993505	0.113792	4.74065e-14	0.0817575	-4.00961e-14	0.0469498	7.13903e-14	-5.41496e-14	-0.144879	-0.0288618	0.0636997	9.51024e-14	0.0601863	0.998187	3.14193e-14	-4.52706e-14	3.43378e-14	-1	-0.998187	0.0601863	4.74065e-14	4.77851e-05	0	0.950006	8.71606e-14	-2.07794e-14	1.66421	-0.544408	1.07221	4.40821e-14	-0.347273	0.937764	3.14193e-14	-5.5271e-14	1.31768e-14	-1	-0.937764	-0.347273	4.74065e-14	-0.157961	-2.51483e-14	0.523323	8.71468e-14	-2.08372e-14	1.6653	-0.543195	1.82979	5.35368e-14	-0.346651	0.937994	3.14193e-14	-5.52623e-14	1.32135e-14	-1	-0.937994	-0.346651	4.74065e-14	-0.314648	-5.01269e-14	0.0993494	8.19522e-14	-3.62297e-14	3.2685	-0.0679777	2.63814	6.29552e-14	-0.171592	0.985168	3.14193e-14	-5.19682e-14	2.29743e-14	-1	-0.985168	-0.171592	4.74065e-14
6e-05	5.97305e-05	0	0.950007	8.21082e-14	-3.60646e-14	1.5769	-0.343409	1.1524	4.40981e-14	-0.173541	0.984827	3.14193e-14	-5.20695e-14	2.28706e-14	-1	-0.984827	-0.173541	4.75175e-14	5.97305e-05	0	0.950007	7.11274e-14	-5.46196e-14	-1.11405	-0.0584329	1.20106	4.40981e-14	0.0665288	0.997785	3.14193e-14	-4.51059e-14	3.46374e-14	-1	-0.997785	0.0665288	4.75175e-14	0.0303303	-2.05232e-14	0.496015	6.84568e-14	-5.79316e-14	-1.39599	-0.0254432	0.696155	6.895e-14	0.113778	0.993506	3.14193e-14	-4.34123e-14	3.67377e-14	-1	-0.993506	0.113778	4.75175e-14	0.0817581	-4.01456e-14	0.0469502	7.14732e-14	-5.41663e-14	-0.157462	-0.0289111	0.0637067	9.51351e-14	0.0601848	0.998187	3.14193e-14	-4.53252e-14	3.43499e-14	-1	-0.998187	0.0601848	4.75175e-14	5.97305e-05	0	0.950007	8.72428e-14	-2.07629e-14	1.66427	-0.54441	1.07218	4.40981e-14	-0.347257	0.93777	3.14193e-14	-5.53256e-14	1.31669e-14	-1	-0.93777	-0.347257	4.75175e-14	-0.157942	-2.51732e-14	0.523322	8.7229e-14	-2.08207e-14	1.6655	-0.543198	1.82979	5.35452e-14	-0.346635	0.938	3.14193e-14	-5.53169e-14	1.32036e-14	-1	-0.938	-0.346635	4.75175e-14	-0.314621	-5.01764e-14	0.0993456	8.20355e-14	-3.62297e-14	3.26207	-0.0679217	2.63822	6.29562e-14	-0.17156	0.985174	3.14193e-14	-5.20233e-14	2.29753e-14	-1	-0.985174	-0.17156	4.75175e-14
7e-05	7.16756e-05	0	0.950008	8.20171e-14	-3.57129e-14	1.57683	-0.343417	1.15237	4.4068e-14	-0.173526	0.984829	3.14193e-14	-5.20139e-14	2.26485e-14	-1	-0.984829	-0.173526	4.72955e-14	7.16756e-05	0	0.950008	7.11243e-14	-5.42543e-14	-1.11399	-0.0584806	1.20103	4.4068e-14	0.0665177	0.997785	3.14193e-14	-4.5106e-14	3.44073e-14	-1	-0.997785	0.0665177	4.72955e-14	0.0303372	-2.05232e-14	0.496016	6.84712e-14	-5.75665e-14	-1.39597	-0.0254927	0.696159	6.87537e-14	0.113764	0.993508	3.14193e-14	-4.34234e-14	3.65078e-14	-1	-0.993508	0.113764	4.72955e-14	0.0817588	-4.01506e-14	0.0469505	7.14673e-14	-5.38018e-14	-0.169917	-0.0289604	0.0637164	9.47737e-14	0.0601833	0.998187	3.14193e-14	-4.53234e-14	3.41203e-14	-1	-0.998187	0.0601833	4.72955e-14	7.16756e-05	0	0.950008	8.70901e-14	-2.04333e-14	1.66434	-0.544413	1.07215	4.4068e-14	-0.347241	0.937776	3.14193e-14	-5.52312e-14	1.29585e-14	-1	-0.937776	-0.347241	4.72955e-14	-0.157923	-2.51302e-14	0.52332	8.70765e-14	-2.0491e-14	1.66569	-0.5432	1.82979	5.33651e-14	-0.34662	0.938006	3.14193e-14	-5.52226e-14	1.29951e-14	-1	-0.938006	-0.34662	4.72955e-14	-0.314595	-5.00908e-14	0.0993417	8.19444e-14	-3.58792e-14	3.25564	-0.0678657	2.63831	6.26271e-14	-0.171528	0.985179	3.14193e-14	-5.19679e-14	2.2754e-14	-1	-0.985179	-0.171528	4.72955e-14
8e-05	8.36204e-05	0	0.95001	8.20135e-14	-3.58864e-14	1.57676	-0.343426	1.15234	4.40686e-14	-0.17351	0.984832	3.14193e-14	-5.20139e-14	2.27596e-14	-1	-0.984832	-0.17351	4.72955e-14	8.36204e-05	0	0.95001	7.10809e-14	-5.442e-14	-1.11392	-0.0585282	1.201	4.40686e-14	0.0665065	0.997786	3.14193e-14	-4.50804e-14	3.45139e-14	-1	-0.997786	0.0665065	4.72955e-14	0.0303441	-2.05116e-14	0.496017	6.84201e-14	-5.77298e-14	-1.39594	-0.0255421	0.696163	6.88297e-14	0.113751	0.993509	3.14193e-14	-4.33929e-14	3.66129e-14	-1	-0.993509	0.113751	4.72955e-14	0.0817594	-4.01252e-14	0.0469508	7.14244e-14	-5.39685e-14	-0.182243	-0.0290097	0.0637286	9.49235e-14	0.0601816	0.998187	3.14193e-14	-4.52982e-14	3.42275e-14	-1	-0.998187	0.0601816	4.72955e-14	8.36204e-05	0	0.95001	8.71176e-14	-2.06047e-14	1.6644	-0.544415	1.07212	4.40686e-14	-0.347226	0.937782	3.14193e-14	-5.52511e-14	1.30678e-14	-1	-0.937782	-0.347226	4.72955e-14	-0.157904	-2.51392e-14	0.523319	8.7104e-14	-2.06625e-14	1.66589	-0.543202	1.82979	5.34437e-14	-0.346604	0.938011	3.14193e-14	-5.52424e-14	1.31044e-14	-1	-0.938011	-0.346604	4.72955e-14	-0.314569	-5.01088e-14	0.0993379	8.19399e-14	-3.6054e-14	3.2492	-0.0678098	2.6384	6.27831e-14	-0.171495	0.985185	3.14193e-14	-5.19673e-14	2.28659e-14	-1	-0.985185	-0.171495	4.72955e-14
9e-05	9.55649e-05	0	0.950011	8.20099e-14	-3.60598e-14	1.57669	-0.343434	1.15231	4.40691e-14	-0.173495	0.984835	3.14193e-14	-5.20139e-14	2.28706e-14	-1	-0.984835	-0.173495	4.72955e-14	9.55649e-05	0	0.950011	7.10375e-14	-5.45857e-14	-1.11386	-0.0585756	1.20098	4.40691e-14	0.0664954	0.997787	3.14193e-14	-4.50548e-14	3.46205e-14	-1	-0.997787	0.0664954	4.72955e-14	0.030351	-2.04999e-14	0.496018	6.83691e-14	-5.7893e-14	-1.39591	-0.0255915	0.696166	6.89057e-14	0.113737	0.993511	3.14193e-14	-4.33624e-14	3.67181e-14	-1	-0.993511	0.113737	4.72955e-14	0.08176	-4.00998e-14	0.0469512	7.13815e-14	-5.41351e-14	-0.194443	-0.0290591	0.0637435	9.50733e-14	0.0601798	0.998188	3.14193e-14	-4.5273e-14	3.43347e-14	-1	-0.998188	0.0601798	4.72955e-14	9.55649e-05	0	0.950011	8.71452e-14	-2.07761e-14	1.66446	-0.544417	1.07209	4.40691e-14	-0.34721	0.937787	3.14193e-14	-5.5271e-14	1.3177e-14	-1	-0.937787	-0.34721	4.72955e-14	-0.157885	-2.51483e-14	0.523318	8.71314e-14	-2.08339e-14	1.66609	-0.543204	1.82979	5.35223e-14	-0.346589	0.938017	3.14193e-14	-5.52622e-14	1.32137e-14	-1	-0.938017	-0.346589	4.72955e-14	-0.314543	-5.01268e-14	0.099334	8.19353e-14	-3.62289e-14	3.24276	-0.0677541	2.63849	6.29392e-14	-0.171463	0.98519	3.14193e-14	-5.19667e-14	2.29778e-14	-1	-0.98519	-0.171463	4.72955e-14
0.0001	0.000107509	0	0.950012	8.20063e-14	-3.64083e-14	1.57662	-0.343442	1.15228	4.41668e-14	-0.173479	0.984838	3.14748e-14	-5.20139e-14	2.30926e-14	-1	-0.984838	-0.173479	4.75175e-14	0.000107509	0	0.950012	7.09523e-14	-5.49214e-14	-1.1138	-0.058623	1.20095	4.41668e-14	0.0664843	0.997787	3.14748e-14	-4.50028e-14	3.48349e-14	-1	-0.997787	0.0664843	4.75175e-14	0.0303579	-2.04763e-14	0.496019	6.82682e-14	-5.82241e-14	-1.39588	-0.0256407	0.696169	6.9156e-14	0.113723	0.993513	3.14748e-14	-4.33004e-14	3.69297e-14	-1	-0.993513	0.113723	4.75175e-14	0.0817606	-4.0048e-14	0.0469515	7.1298e-14	-5.4472e-14	-0.206517	-0.0291086	0.0637608	9.54733e-14	0.0601778	0.998188	3.14748e-14	-4.5222e-14	3.45498e-14	-1	-0.998188	0.0601778	4.75175e-14	0.000107509	0	0.950012	8.72041e-14	-2.11197e-14	1.66453	-0.544419	1.07206	4.41668e-14	-0.347195	0.937793	3.14748e-14	-5.53108e-14	1.33955e-14	-1	-0.937793	-0.347195	4.75175e-14	-0.157866	-2.51664e-14	0.523317	8.71901e-14	-2.11775e-14	1.66628	-0.543206	1.82978	5.37762e-14	-0.346573	0.938023	3.14748e-14	-5.53019e-14	1.34322e-14	-1	-0.938023	-0.346573	4.75175e-14	-0.314517	-5.01628e-14	0.0993302	8.19304e-14	-3.65787e-14	3.23633	-0.0676986	2.63858	6.33484e-14	-0.171431	0.985196	3.14748e-14	-5.19658e-14	2.32007e-14	-1	-0.985196	-0.171431	4.75175e-14
0.00011	0.000119453	0	0.950014	8.20027e-14	-3.58817e-14	1.57655	-0.343451	1.15226	4.41366e-14	-0.173464	0.98484	3.14748e-14	-5.20139e-14	2.27596e-14	-1	-0.98484	-0.173464	4.72955e-14	0.000119453	0	0.950014	7.1076e-14	-5.44072e-14	-1.11374	-0.0586702	1.20092	4.41366e-14	0.0664732	0.997788	3.14748e-14	-4.50832e-14	3.45102e-14	-1	-0.997788	0.0664732	4.72955e-14	0.0303648	-2.05128e-14	0.49602	6.84163e-14	-5.77161e-14	-1.39583	-0.0256899	0.696171	6.88919e-14	0.113709	0.993514	3.14748e-14	-4.33962e-14	3.66091e-14	-1	-0.993514	0.113709	4.72955e-14	0.0817612	-4.01279e-14	0.0469518	7.14179e-14	-5.39576e-14	-0.218467	-0.0291581	0.0637806	9.49796e-14	0.0601758	0.998188	3.14748e-14	-4.53e-14	3.42251e-14	-1	-0.998188	0.0601758	4.72955e-14	0.000119453	0	0.950014	8.71062e-14	-2.06022e-14	1.66459	-0.544421	1.07203	4.41366e-14	-0.347179	0.937799	3.14748e-14	-5.52511e-14	1.30679e-14	-1	-0.937799	-0.347179	4.72955e-14	-0.157847	-2.51392e-14	0.523315	8.70925e-14	-2.066e-14	1.66648	-0.543208	1.82978	5.35106e-14	-0.346557	0.938029	3.14748e-14	-5.52424e-14	1.31045e-14	-1	-0.938029	-0.346557	4.72955e-14	-0.314491	-5.01088e-14	0.0993263	8.19273e-14	-3.60534e-14	3.22988	-0.0676431	2.63867	6.2849e-14	-0.1714	0.985202	3.14748e-14	-5.19661e-14	2.28685e-14	-1	-0.985202	-0.1714	4.72955e-14
0.00012	0.000131397	0	0.950015	8.19991e-14	-3.60551e-14	1.57648	-0.343459	1.15223	4.40709e-14	-0.173448	0.984843	3.14193e-14	-5.20139e-14	2.28706e-14	-1	-0.984843	-0.173448	4.72955e-14	0.000131397	0	0.950015	7.10326e-14	-5.45729e-14	-1.11367	-0.0587174	1.20089	4.40709e-14	0.0664621	0.997789	3.14193e-14	-4.50576e-14	3.46168e-14	-1	-0.997789	0.0664621	4.72955e-14	0.0303716	-2.05012e-14	0.496021	6.83653e-14	-5.78793e-14	-1.39578	-0.0257389	0.696173	6.89016e-14	0.113695	0.993516	3.14193e-14	-4.33657e-14	3.67142e-14	-1	-0.993516	0.113695	4.72955e-14	0.0817619	-4.01025e-14	0.0469521	7.13751e-14	-5.41242e-14	-0.230294	-0.0292077	0.0638028	9.5063e-14	0.0601736	0.998188	3.14193e-14	-4.52749e-14	3.43322e-14	-1	-0.998188	0.0601736	4.72955e-14	0.000131397	0	0.950015	8.71337e-14	-2.07736e-14	1.66466	-0.544422	1.072	4.40709e-14	-0.347163	0.937805	3.14193e-14	-5.52709e-14	1.31772e-14	-1	-0.937805	-0.347163	4.72955e-14	-0.157828	-2.51483e-14	0.523314	8.71199e-14	-2.08314e-14	1.66667	-0.54321	1.82978	5.35229e-14	-0.346542	0.938035	3.14193e-14	-5.52622e-14	1.32138e-14	-1	-0.938035	-0.346542	4.72955e-14	-0.314465	-5.01268e-14	0.0993225	8.19228e-14	-3.62282e-14	3.22344	-0.0675878	2.63875	6.29387e-14	-0.171368	0.985207	3.14193e-14	-5.19655e-14	2.29804e-14	-1	-0.985207	-0.171368	4.72955e-14
0.00013	0.00014334	0	0.950017	8.19956e-14	-3.60536e-14	1.57642	-0.343467	1.1522	4.41022e-14	-0.173433	0.984846	3.14193e-14	-5.20139e-14	2.28706e-14	-1	-0.984846	-0.173433	4.75175e-14	0.00014334	0	0.950017	7.1031e-14	-5.45686e-14	-1.11361	-0.0587644	1.20086	4.41022e-14	0.066451	0.99779	3.14193e-14	-4.50586e-14	3.46156e-14	-1	-0.99779	0.066451	4.75175e-14	0.0303785	-2.05016e-14	0.496022	6.8364e-14	-5.78748e-14	-1.39573	-0.0257879	0.696175	6.89309e-14	0.113681	0.993517	3.14193e-14	-4.33668e-14	3.67129e-14	-1	-0.993517	0.113681	4.75175e-14	0.0817625	-4.01034e-14	0.0469525	7.13729e-14	-5.41206e-14	-0.242	-0.0292573	0.0638274	9.50903e-14	0.0601713	0.998188	3.14193e-14	-4.52755e-14	3.43314e-14	-1	-0.998188	0.0601713	4.75175e-14	0.00014334	0	0.950017	8.71299e-14	-2.07728e-14	1.66472	-0.544424	1.07197	4.41022e-14	-0.347148	0.93781	3.14193e-14	-5.52709e-14	1.31772e-14	-1	-0.93781	-0.347148	4.75175e-14	-0.157809	-2.51483e-14	0.523313	8.71161e-14	-2.08305e-14	1.66687	-0.543211	1.82978	5.35538e-14	-0.346526	0.93804	3.14193e-14	-5.52622e-14	1.32139e-14	-1	-0.93804	-0.346526	4.75175e-14	-0.314439	-5.01268e-14	0.0993186	8.19186e-14	-3.6228e-14	3.217	-0.0675326	2.63884	6.29693e-14	-0.171336	0.985213	3.14193e-14	-5.19651e-14	2.29813e-14	-1	-0.985213	-0.171336	4.75175e-14
0.00014	0.000155283	0	0.950018	8.20795e-14	-3.5702e-14	1.57635	-0.343475	1.15217	4.40413e-14	-0.173417	0.984848	3.14193e-14	-5.20695e-14	2.26485e-14	-1	-0.984848	-0.173417	4.70735e-14	0.000155283	0	0.950018	7.11978e-14	-5.42453e-14	-1.11355	-0.0588114	1.20084	4.40413e-14	0.0664399	0.99779	3.14193e-14	-4.51663e-14	3.4412e-14	-1	-0.99779	0.0664399	4.70735e-14	0.0303854	-2.05507e-14	0.496023	6.85462e-14	-5.75595e-14	-1.39567	-0.0258368	0.696177	6.87229e-14	0.113667	0.993519	3.14193e-14	-4.34842e-14	3.65145e-14	-1	-0.993519	0.113667	4.70735e-14	0.0817631	-4.02055e-14	0.0469528	7.15373e-14	-5.37968e-14	-0.253585	-0.0293069	0.0638543	9.47398e-14	0.0601689	0.998188	3.14193e-14	-4.53817e-14	3.41275e-14	-1	-0.998188	0.0601689	4.70735e-14	0.000155283	0	0.950018	8.71495e-14	-2.04119e-14	1.66479	-0.544426	1.07195	4.40413e-14	-0.347132	0.937816	3.14193e-14	-5.52857e-14	1.29489e-14	-1	-0.937816	-0.347132	4.70735e-14	-0.15779	-2.5155e-14	0.523312	8.71359e-14	-2.04697e-14	1.66706	-0.543213	1.82978	5.33288e-14	-0.34651	0.938046	3.14193e-14	-5.52771e-14	1.29855e-14	-1	-0.938046	-0.34651	4.70735e-14	-0.314413	-5.01403e-14	0.0993147	8.20028e-14	-3.58779e-14	3.21055	-0.0674775	2.63893	6.25811e-14	-0.171304	0.985218	3.14193e-14	-5.20208e-14	2.27602e-14	-1	-0.985218	-0.171304	4.70735e-14
0.00015	0.000167226	0	0.950019	8.19885e-14	-3.60504e-14	1.57628	-0.343483	1.15214	4.41389e-14	-0.173402	0.984851	3.14748e-14	-5.20139e-14	2.28706e-14	-1	-0.984851	-0.173402	4.72955e-14	0.000167226	0	0.950019	7.10278e-14	-5.456e-14	-1.11349	-0.0588583	1.20081	4.41389e-14	0.0664288	0.997791	3.14748e-14	-4.50604e-14	3.46132e-14	-1	-0.997791	0.0664288	4.72955e-14	0.0303923	-2.05025e-14	0.496024	6.83616e-14	-5.78657e-14	-1.3956	-0.0258856	0.696178	6.89638e-14	0.113654	0.99352	3.14748e-14	-4.3369e-14	3.67103e-14	-1	-0.99352	0.113654	4.72955e-14	0.0817637	-4.01053e-14	0.0469531	7.13687e-14	-5.41133e-14	-0.265051	-0.0293566	0.0638835	9.51191e-14	0.0601663	0.998188	3.14748e-14	-4.52767e-14	3.43298e-14	-1	-0.998188	0.0601663	4.72955e-14	0.000167226	0	0.950019	8.71223e-14	-2.07711e-14	1.66485	-0.544428	1.07192	4.41389e-14	-0.347117	0.937822	3.14748e-14	-5.52709e-14	1.31773e-14	-1	-0.937822	-0.347117	4.72955e-14	-0.157771	-2.51483e-14	0.52331	8.71086e-14	-2.08289e-14	1.66725	-0.543215	1.82978	5.35898e-14	-0.346495	0.938052	3.14748e-14	-5.52622e-14	1.3214e-14	-1	-0.938052	-0.346495	4.72955e-14	-0.314386	-5.01268e-14	0.0993109	8.19104e-14	-3.62275e-14	3.20411	-0.0674226	2.63902	6.30045e-14	-0.171273	0.985224	3.14748e-14	-5.19644e-14	2.2983e-14	-1	-0.985224	-0.171273	4.72955e-14
0.00016	0.000179168	0	0.950021	8.20724e-14	-3.60489e-14	1.57621	-0.34349	1.15211	4.40732e-14	-0.173386	0.984854	3.14193e-14	-5.20695e-14	2.28706e-14	-1	-0.984854	-0.173386	4.72955e-14	0.000179168	0	0.950021	7.11112e-14	-5.45766e-14	-1.11344	-0.058905	1.20078	4.40732e-14	0.0664176	0.997792	3.14193e-14	-4.51153e-14	3.46252e-14	-1	-0.997792	0.0664176	4.72955e-14	0.0303992	-2.05274e-14	0.496025	6.84442e-14	-5.78861e-14	-1.39553	-0.0259343	0.696179	6.89056e-14	0.11364	0.993522	3.14193e-14	-4.34233e-14	3.67248e-14	-1	-0.993522	0.11364	4.72955e-14	0.0817643	-4.01548e-14	0.0469535	7.14518e-14	-5.413e-14	-0.276399	-0.0294063	0.063915	9.50701e-14	0.0601637	0.998189	3.14193e-14	-4.53314e-14	3.43418e-14	-1	-0.998189	0.0601637	4.72955e-14	0.000179168	0	0.950021	8.72046e-14	-2.07546e-14	1.66492	-0.544429	1.07189	4.40732e-14	-0.347101	0.937828	3.14193e-14	-5.53255e-14	1.31674e-14	-1	-0.937828	-0.347101	4.72955e-14	-0.157752	-2.51731e-14	0.523309	8.71909e-14	-2.08125e-14	1.66745	-0.543216	1.82978	5.35166e-14	-0.346479	0.938058	3.14193e-14	-5.53168e-14	1.32041e-14	-1	-0.938058	-0.346479	4.72955e-14	-0.31436	-5.01763e-14	0.099307	8.19937e-14	-3.62275e-14	3.19766	-0.0673678	2.6391	6.29238e-14	-0.171241	0.985229	3.14193e-14	-5.20195e-14	2.29839e-14	-1	-0.985229	-0.171241	4.72955e-14
0.00017	0.00019111	0	0.950022	8.19814e-14	-3.60473e-14	1.57614	-0.343498	1.15208	4.41046e-14	-0.173371	0.984857	3.14193e-14	-5.20139e-14	2.28706e-14	-1	-0.984857	-0.173371	4.75175e-14	0.00019111	0	0.950022	7.10246e-14	-5.45515e-14	-1.11338	-0.0589517	1.20075	4.41046e-14	0.0664065	0.997793	3.14193e-14	-4.50623e-14	3.46108e-14	-1	-0.997793	0.0664065	4.75175e-14	0.0304061	-2.05033e-14	0.496026	6.83591e-14	-5.78567e-14	-1.39545	-0.0259829	0.69618	6.89255e-14	0.113626	0.993524	3.14193e-14	-4.33711e-14	3.67078e-14	-1	-0.993524	0.113626	4.75175e-14	0.081765	-4.01071e-14	0.0469538	7.13646e-14	-5.4106e-14	-0.28763	-0.0294561	0.0639486	9.50767e-14	0.0601609	0.998189	3.14193e-14	-4.5278e-14	3.43281e-14	-1	-0.998189	0.0601609	4.75175e-14	0.00019111	0	0.950022	8.71148e-14	-2.07695e-14	1.66498	-0.544431	1.07186	4.41046e-14	-0.347085	0.937834	3.14193e-14	-5.52709e-14	1.31774e-14	-1	-0.937834	-0.347085	4.75175e-14	-0.157733	-2.51483e-14	0.523308	8.7101e-14	-2.08273e-14	1.66764	-0.543218	1.82978	5.35547e-14	-0.346463	0.938063	3.14193e-14	-5.52621e-14	1.32141e-14	-1	-0.938063	-0.346463	4.75175e-14	-0.314334	-5.01267e-14	0.0993032	8.19021e-14	-3.62271e-14	3.19121	-0.0673131	2.63919	6.29686e-14	-0.17121	0.985235	3.14193e-14	-5.19637e-14	2.29846e-14	-1	-0.985235	-0.17121	4.75175e-14
0.00018	0.000203052	0	0.950024	8.19779e-14	-3.56958e-14	1.57607	-0.343506	1.15205	4.40744e-14	-0.173355	0.984859	3.14193e-14	-5.20139e-14	2.26485e-14	-1	-0.984859	-0.173355	4.72955e-14	0.000203052	0	0.950024	7.11064e-14	-5.42074e-14	-1.11332	-0.0589982	1.20073	4.40744e-14	0.0663954	0.997793	3.14193e-14	-4.51161e-14	3.43939e-14	-1	-0.997793	0.0663954	4.72955e-14	0.030413	-2.05278e-14	0.496028	6.84573e-14	-5.75166e-14	-1.39537	-0.0260315	0.696181	6.87387e-14	0.113612	0.993525	3.14193e-14	-4.34353e-14	3.64936e-14	-1	-0.993525	0.113612	4.72955e-14	0.0817656	-4.01606e-14	0.0469541	7.14438e-14	-5.37619e-14	-0.298746	-0.0295059	0.0639844	9.47362e-14	0.0601581	0.998189	3.14193e-14	-4.53302e-14	3.41113e-14	-1	-0.998189	0.0601581	4.72955e-14	0.000203052	0	0.950024	8.70483e-14	-2.04244e-14	1.66505	-0.544432	1.07183	4.40744e-14	-0.34707	0.937839	3.14193e-14	-5.52311e-14	1.2959e-14	-1	-0.937839	-0.34707	4.72955e-14	-0.157714	-2.51301e-14	0.523307	8.70347e-14	-2.04821e-14	1.66783	-0.543219	1.82978	5.33675e-14	-0.346448	0.938069	3.14193e-14	-5.52225e-14	1.29956e-14	-1	-0.938069	-0.346448	4.72955e-14	-0.314308	-5.00907e-14	0.0992993	8.18988e-14	-3.58769e-14	3.18476	-0.0672586	2.63928	6.26254e-14	-0.171178	0.98524	3.14193e-14	-5.19638e-14	2.27634e-14	-1	-0.98524	-0.171178	4.72955e-14
0.00019	0.000214994	0	0.950025	8.19744e-14	-3.56943e-14	1.57601	-0.343513	1.15202	4.40441e-14	-0.17334	0.984862	3.14193e-14	-5.20139e-14	2.26485e-14	-1	-0.984862	-0.17334	4.70735e-14	0.000214994	0	0.950025	7.11048e-14	-5.42031e-14	-1.11326	-0.0590447	1.2007	4.40441e-14	0.0663843	0.997794	3.14193e-14	-4.51171e-14	3.43927e-14	-1	-0.997794	0.0663843	4.70735e-14	0.0304199	-2.05283e-14	0.496029	6.84561e-14	-5.75121e-14	-1.39528	-0.0260799	0.696181	6.87066e-14	0.113598	0.993527	3.14193e-14	-4.34364e-14	3.64923e-14	-1	-0.993527	0.113598	4.70735e-14	0.0817662	-4.01615e-14	0.0469545	7.14417e-14	-5.37583e-14	-0.309747	-0.0295558	0.0640224	9.4702e-14	0.0601551	0.998189	3.14193e-14	-4.53309e-14	3.41104e-14	-1	-0.998189	0.0601551	4.70735e-14	0.000214994	0	0.950025	8.70445e-14	-2.04236e-14	1.66511	-0.544433	1.0718	4.40441e-14	-0.347054	0.937845	3.14193e-14	-5.52311e-14	1.29591e-14	-1	-0.937845	-0.347054	4.70735e-14	-0.157695	-2.51301e-14	0.523305	8.7031e-14	-2.04813e-14	1.66802	-0.54322	1.82978	5.33369e-14	-0.346432	0.938075	3.14193e-14	-5.52225e-14	1.29957e-14	-1	-0.938075	-0.346432	4.70735e-14	-0.314282	-5.00907e-14	0.0992955	8.18947e-14	-3.58767e-14	3.17831	-0.0672042	2.63936	6.25944e-14	-0.171147	0.985246	3.14193e-14	-5.19634e-14	2.27643e-14	-1	-0.985246	-0.171147	4.70735e-14
0.0002	0.000226935	0	0.950026	8.19708e-14	-3.56927e-14	1.57594	-0.343521	1.152	4.41264e-14	-0.173324	0.984865	3.14748e-14	-5.20139e-14	2.26485e-14	-1	-0.984865	-0.173324	4.71845e-14	0.000226935	0	0.950026	7.11032e-14	-5.41989e-14	-1.11321	-0.0590911	1.20067	4.41264e-14	0.0663732	0.997795	3.14748e-14	-4.5118e-14	3.43915e-14	-1	-0.997795	0.0663732	4.71845e-14	0.0304267	-2.05287e-14	0.49603	6.84548e-14	-5.75076e-14	-1.39519	-0.0261283	0.696181	6.87869e-14	0.113584	0.993528	3.14748e-14	-4.34375e-14	3.6491e-14	-1	-0.993528	0.113584	4.71845e-14	0.0817668	-4.01624e-14	0.0469548	7.14397e-14	-5.37546e-14	-0.320636	-0.0296057	0.0640624	9.47803e-14	0.060152	0.998189	3.14748e-14	-4.53315e-14	3.41096e-14	-1	-0.998189	0.060152	4.71845e-14	0.000226935	0	0.950026	8.70408e-14	-2.04228e-14	1.66517	-0.544435	1.07177	4.41264e-14	-0.347039	0.937851	3.14748e-14	-5.5231e-14	1.29591e-14	-1	-0.937851	-0.347039	4.71845e-14	-0.157676	-2.51301e-14	0.523304	8.70272e-14	-2.04805e-14	1.66821	-0.543221	1.82979	5.34187e-14	-0.346417	0.938081	3.14748e-14	-5.52224e-14	1.29957e-14	-1	-0.938081	-0.346417	4.71845e-14	-0.314256	-5.00907e-14	0.0992916	8.18906e-14	-3.58764e-14	3.17186	-0.0671499	2.63945	6.26759e-14	-0.171115	0.985251	3.14748e-14	-5.1963e-14	2.27651e-14	-1	-0.985251	-0.171115	4.71845e-14
0.00021	0.000238876	0	0.950028	8.19673e-14	-3.55163e-14	1.57587	-0.343528	1.15197	4.40452e-14	-0.173309	0.984868	3.14193e-14	-5.20139e-14	2.25375e-14	-1	-0.984868	-0.173309	4.70735e-14	0.000238876	0	0.950028	7.11433e-14	-5.40248e-14	-1.11315	-0.0591373	1.20064	4.40452e-14	0.0663621	0.997796	3.14193e-14	-4.51454e-14	3.42825e-14	-1	-0.997796	0.0663621	4.70735e-14	0.0304336	-2.05411e-14	0.496031	6.85033e-14	-5.73354e-14	-1.39509	-0.0261766	0.696181	6.86265e-14	0.11357	0.99353	3.14193e-14	-4.34701e-14	3.63833e-14	-1	-0.99353	0.11357	4.70735e-14	0.0817674	-4.01896e-14	0.0469551	7.14783e-14	-5.35808e-14	-0.331411	-0.0296556	0.0641045	9.45421e-14	0.0601488	0.998189	3.14193e-14	-4.53579e-14	3.40007e-14	-1	-0.998189	0.0601488	4.70735e-14	0.000238876	0	0.950028	8.70057e-14	-2.02499e-14	1.66524	-0.544436	1.07174	4.40452e-14	-0.347023	0.937857	3.14193e-14	-5.52111e-14	1.285e-14	-1	-0.937857	-0.347023	4.70735e-14	-0.157657	-2.51211e-14	0.523303	8.69922e-14	-2.03076e-14	1.6684	-0.543223	1.82979	5.32589e-14	-0.346401	0.938087	3.14193e-14	-5.52026e-14	1.28866e-14	-1	-0.938087	-0.346401	4.70735e-14	-0.31423	-5.00726e-14	0.0992878	8.18869e-14	-3.57013e-14	3.16541	-0.0670958	2.63953	6.2438e-14	-0.171084	0.985256	3.14193e-14	-5.19629e-14	2.26549e-14	-1	-0.985256	-0.171084	4.70735e-14
0.00022	0.000250817	0	0.950029	8.19638e-14	-3.60396e-14	1.5758	-0.343536	1.15194	4.40766e-14	-0.173293	0.98487	3.14193e-14	-5.20139e-14	2.28706e-14	-1	-0.98487	-0.173293	4.72955e-14	0.000250817	0	0.950029	7.10167e-14	-5.45303e-14	-1.1131	-0.0591835	1.20062	4.40766e-14	0.066351	0.997796	3.14193e-14	-4.50669e-14	3.46047e-14	-1	-0.997796	0.066351	4.72955e-14	0.0304405	-2.05055e-14	0.496032	6.8353e-14	-5.78341e-14	-1.39498	-0.0262248	0.696181	6.88879e-14	0.113557	0.993532	3.14193e-14	-4.33766e-14	3.67013e-14	-1	-0.993532	0.113557	4.72955e-14	0.0817681	-4.01117e-14	0.0469555	7.13544e-14	-5.40876e-14	-0.342076	-0.0297055	0.0641485	9.50289e-14	0.0601455	0.99819	3.14193e-14	-4.52812e-14	3.43238e-14	-1	-0.99819	0.0601455	4.72955e-14	0.000250817	0	0.950029	8.7096e-14	-2.07654e-14	1.6653	-0.544437	1.07171	4.40766e-14	-0.347007	0.937862	3.14193e-14	-5.52708e-14	1.31777e-14	-1	-0.937862	-0.347007	4.72955e-14	-0.157637	-2.51482e-14	0.523302	8.70822e-14	-2.08232e-14	1.66859	-0.543224	1.82979	5.35249e-14	-0.346385	0.938092	3.14193e-14	-5.52621e-14	1.32143e-14	-1	-0.938092	-0.346385	4.72955e-14	-0.314204	-5.01267e-14	0.0992839	8.18817e-14	-3.62259e-14	3.15896	-0.0670418	2.63962	6.2937e-14	-0.171053	0.985262	3.14193e-14	-5.19618e-14	2.29888e-14	-1	-0.985262	-0.171053	4.72955e-14
0.00023	0.000262757	0	0.95003	8.19603e-14	-3.56882e-14	1.57574	-0.343543	1.15191	4.40463e-14	-0.173277	0.984873	3.14193e-14	-5.20139e-14	2.26485e-14	-1	-0.984873	-0.173277	4.70735e-14	0.000262757	0	0.95003	7.10985e-14	-5.41862e-14	-1.11304	-0.0592296	1.20059	4.40463e-14	0.0663399	0.997797	3.14193e-14	-4.51208e-14	3.43879e-14	-1	-0.997797	0.0663399	4.70735e-14	0.0304474	-2.05299e-14	0.496033	6.84512e-14	-5.74941e-14	-1.39488	-0.0262729	0.696181	6.87011e-14	0.113543	0.993533	3.14193e-14	-4.34407e-14	3.64871e-14	-1	-0.993533	0.113543	4.70735e-14	0.0817687	-4.01652e-14	0.0469558	7.14336e-14	-5.37436e-14	-0.352631	-0.0297555	0.0641946	9.46884e-14	0.0601421	0.99819	3.14193e-14	-4.53334e-14	3.4107e-14	-1	-0.99819	0.0601421	4.70735e-14	0.000262757	0	0.95003	8.70296e-14	-2.04204e-14	1.66537	-0.544438	1.07168	4.40463e-14	-0.346992	0.937868	3.14193e-14	-5.5231e-14	1.29593e-14	-1	-0.937868	-0.346992	4.70735e-14	-0.157618	-2.51301e-14	0.5233	8.7016e-14	-2.04781e-14	1.66878	-0.543225	1.82979	5.33376e-14	-0.34637	0.938098	3.14193e-14	-5.52224e-14	1.29959e-14	-1	-0.938098	-0.34637	4.70735e-14	-0.314177	-5.00906e-14	0.09928	8.18784e-14	-3.58757e-14	3.15251	-0.066988	2.63971	6.25937e-14	-0.171022	0.985267	3.14193e-14	-5.1962e-14	2.27676e-14	-1	-0.985267	-0.171022	4.70735e-14
0.00024	0.000274698	0	0.950032	8.19568e-14	-3.63864e-14	1.57567	-0.34355	1.15188	4.41239e-14	-0.173262	0.984876	3.14193e-14	-5.20139e-14	2.30926e-14	-1	-0.984876	-0.173262	4.76286e-14	0.000274698	0	0.950032	7.09302e-14	-5.48616e-14	-1.11299	-0.0592756	1.20056	4.41239e-14	0.0663288	0.997798	3.14193e-14	-4.50159e-14	3.48179e-14	-1	-0.997798	0.0663288	4.76286e-14	0.0304543	-2.04822e-14	0.496034	6.82513e-14	-5.81606e-14	-1.39476	-0.026321	0.696181	6.90859e-14	0.113529	0.993535	3.14193e-14	-4.33157e-14	3.69116e-14	-1	-0.993535	0.113529	4.76286e-14	0.0817693	-4.00609e-14	0.0469561	7.12691e-14	-5.44206e-14	-0.363078	-0.0298055	0.0642425	9.53745e-14	0.0601385	0.99819	3.14193e-14	-4.5231e-14	3.45381e-14	-1	-0.99819	0.0601385	4.76286e-14	0.000274698	0	0.950032	8.71513e-14	-2.1108e-14	1.66543	-0.544439	1.07166	4.41239e-14	-0.346976	0.937874	3.14193e-14	-5.53106e-14	1.33962e-14	-1	-0.937874	-0.346976	4.76286e-14	-0.157599	-2.51663e-14	0.523299	8.71372e-14	-2.11658e-14	1.66897	-0.543226	1.82979	5.37281e-14	-0.346354	0.938104	3.14193e-14	-5.53017e-14	1.34329e-14	-1	-0.938104	-0.346354	4.76286e-14	-0.314151	-5.01627e-14	0.0992762	8.18727e-14	-3.65752e-14	3.14606	-0.0669342	2.63979	6.3295e-14	-0.170991	0.985273	3.14193e-14	-5.19606e-14	2.32125e-14	-1	-0.985273	-0.170991	4.76286e-14
0.00025	0.000286637	0	0.950033	8.19533e-14	-3.6035e-14	1.5756	-0.343557	1.15185	4.41753e-14	-0.173246	0.984879	3.14748e-14	-5.20139e-14	2.28706e-14	-1	-0.984879	-0.173246	4.75175e-14	0.000286637	0	0.950033	7.1012e-14	-5.45176e-14	-1.11293	-0.0593215	1.20053	4.41753e-14	0.0663177	0.997799	3.14748e-14	-4.50697e-14	3.46011e-14	-1	-0.997799	0.0663177	4.75175e-14	0.0304612	-2.05067e-14	0.496035	6.83494e-14	-5.78206e-14	-1.39465	-0.0263689	0.69618	6.89808e-14	0.113515	0.993536	3.14748e-14	-4.33799e-14	3.66975e-14	-1	-0.993536	0.113515	4.75175e-14	0.0817699	-4.01144e-14	0.0469565	7.13484e-14	-5.40766e-14	-0.373416	-0.0298555	0.0642924	9.51158e-14	0.0601349	0.99819	3.14748e-14	-4.52832e-14	3.43212e-14	-1	-0.99819	0.0601349	4.75175e-14	0.000286637	0	0.950033	8.70848e-14	-2.0763e-14	1.6655	-0.54444	1.07163	4.41753e-14	-0.34696	0.93788	3.14748e-14	-5.52708e-14	1.31778e-14	-1	-0.93788	-0.34696	4.75175e-14	-0.15758	-2.51482e-14	0.523298	8.7071e-14	-2.08208e-14	1.66915	-0.543227	1.82979	5.36225e-14	-0.346338	0.93811	3.14748e-14	-5.5262e-14	1.32145e-14	-1	-0.93811	-0.346338	4.75175e-14	-0.314125	-5.01266e-14	0.0992723	8.18695e-14	-3.62251e-14	3.13961	-0.0668807	2.63988	6.30335e-14	-0.17096	0.985278	3.14748e-14	-5.19607e-14	2.29913e-14	-1	-0.985278	-0.17096	4.75175e-14
0.00026	0.000298577	0	0.950035	8.19499e-14	-3.58585e-14	1.57554	-0.343564	1.15183	4.40788e-14	-0.173231	0.984881	3.14193e-14	-5.20139e-14	2.27596e-14	-1	-0.984881	-0.173231	4.72955e-14	0.000298577	0	0.950035	7.10521e-14	-5.43435e-14	-1.11288	-0.0593674	1.20051	4.40788e-14	0.0663066	0.997799	3.14193e-14	-4.50971e-14	3.4492e-14	-1	-0.997799	0.0663066	4.72955e-14	0.0304681	-2.05192e-14	0.496036	6.83979e-14	-5.76484e-14	-1.39453	-0.0264168	0.696179	6.88051e-14	0.113501	0.993538	3.14193e-14	-4.34125e-14	3.65897e-14	-1	-0.993538	0.113501	4.72955e-14	0.0817706	-4.01416e-14	0.0469568	7.1387e-14	-5.39028e-14	-0.383649	-0.0299055	0.0643441	9.48621e-14	0.0601312	0.99819	3.14193e-14	-4.53097e-14	3.42123e-14	-1	-0.99819	0.0601312	4.72955e-14	0.000298577	0	0.950035	8.70498e-14	-2.05901e-14	1.66556	-0.544441	1.0716	4.40788e-14	-0.346945	0.937886	3.14193e-14	-5.52509e-14	1.30686e-14	-1	-0.937886	-0.346945	4.72955e-14	-0.157561	-2.51391e-14	0.523297	8.70361e-14	-2.06479e-14	1.66934	-0.543227	1.82979	5.34473e-14	-0.346323	0.938115	3.14193e-14	-5.52422e-14	1.31053e-14	-1	-0.938115	-0.346323	4.72955e-14	-0.314099	-5.01086e-14	0.0992685	8.18658e-14	-3.60499e-14	3.13315	-0.0668272	2.63996	6.27801e-14	-0.170929	0.985283	3.14193e-14	-5.19606e-14	2.28811e-14	-1	-0.985283	-0.170929	4.72955e-14
0.00027	0.000310516	0	0.950036	8.20338e-14	-3.60319e-14	1.57547	-0.343571	1.1518	4.41102e-14	-0.173215	0.984884	3.14193e-14	-5.20695e-14	2.28706e-14	-1	-0.984884	-0.173215	4.75175e-14	0.000310516	0	0.950036	7.10938e-14	-5.453e-14	-1.11282	-0.0594131	1.20048	4.41102e-14	0.0662955	0.9978	3.14193e-14	-4.51255e-14	3.46119e-14	-1	-0.9978	0.0662955	4.75175e-14	0.030475	-2.05321e-14	0.496037	6.84309e-14	-5.78365e-14	-1.3944	-0.0264646	0.696178	6.89213e-14	0.113487	0.993539	3.14193e-14	-4.34353e-14	3.67106e-14	-1	-0.993539	0.113487	4.75175e-14	0.0817712	-4.01648e-14	0.0469571	7.14295e-14	-5.40895e-14	-0.393775	-0.0299556	0.0643976	9.50634e-14	0.0601274	0.998191	3.14193e-14	-4.53386e-14	3.43323e-14	-1	-0.998191	0.0601274	4.75175e-14	0.000310516	0	0.950036	8.71634e-14	-2.07457e-14	1.66563	-0.544442	1.07157	4.41102e-14	-0.346929	0.937891	3.14193e-14	-5.53254e-14	1.3168e-14	-1	-0.937891	-0.346929	4.75175e-14	-0.157542	-2.5173e-14	0.523295	8.71497e-14	-2.08036e-14	1.66953	-0.543228	1.82979	5.35495e-14	-0.346307	0.938121	3.14193e-14	-5.53166e-14	1.32047e-14	-1	-0.938121	-0.346307	4.75175e-14	-0.314073	-5.01762e-14	0.0992646	8.19489e-14	-3.62248e-14	3.1267	-0.0667739	2.64005	6.29527e-14	-0.170898	0.985289	3.14193e-14	-5.20155e-14	2.2993e-14	-1	-0.985289	-0.170898	4.75175e-14
0.00028	0.000322455	0	0.950037	8.19429e-14	-3.60304e-14	1.5754	-0.343578	1.15177	4.4177e-14	-0.1732	0.984887	3.14748e-14	-5.20139e-14	2.28706e-14	-1	-0.984887	-0.1732	4.75175e-14	0.000322455	0	0.950037	7.10074e-14	-5.45049e-14	-1.11277	-0.0594588	1.20045	4.4177e-14	0.0662844	0.997801	3.14748e-14	-4.50725e-14	3.45974e-14	-1	-0.997801	0.0662844	4.75175e-14	0.0304818	-2.0508e-14	0.496038	6.83459e-14	-5.78072e-14	-1.39427	-0.0265123	0.696177	6.89767e-14	0.113473	0.993541	3.14748e-14	-4.33831e-14	3.66936e-14	-1	-0.993541	0.113473	4.75175e-14	0.0817718	-4.01172e-14	0.0469575	7.13425e-14	-5.40655e-14	-0.403797	-0.0300057	0.0644529	9.51056e-14	0.0601234	0.998191	3.14748e-14	-4.52852e-14	3.43185e-14	-1	-0.998191	0.0601234	4.75175e-14	0.000322455	0	0.950037	8.70737e-14	-2.07606e-14	1.66569	-0.544443	1.07154	4.4177e-14	-0.346914	0.937897	3.14748e-14	-5.52708e-14	1.3178e-14	-1	-0.937897	-0.346914	4.75175e-14	-0.157523	-2.51482e-14	0.523294	8.70599e-14	-2.08184e-14	1.66971	-0.543229	1.82979	5.36231e-14	-0.346291	0.938127	3.14748e-14	-5.5262e-14	1.32146e-14	-1	-0.938127	-0.346291	4.75175e-14	-0.314047	-5.01266e-14	0.0992608	8.18574e-14	-3.62243e-14	3.12025	-0.0667207	2.64013	6.3033e-14	-0.170867	0.985294	3.14748e-14	-5.19596e-14	2.29937e-14	-1	-0.985294	-0.170867	4.75175e-14
0.00029	0.000334394	0	0.950039	8.19394e-14	-3.60289e-14	1.57534	-0.343585	1.15174	4.40958e-14	-0.173184	0.984889	3.14193e-14	-5.20139e-14	2.28706e-14	-1	-0.984889	-0.173184	4.74065e-14	0.000334394	0	0.950039	7.10058e-14	-5.45007e-14	-1.11272	-0.0595043	1.20042	4.40958e-14	0.0662733	0.997802	3.14193e-14	-4.50734e-14	3.45962e-14	-1	-0.997802	0.0662733	4.74065e-14	0.0304887	-2.05084e-14	0.496039	6.83447e-14	-5.78027e-14	-1.39414	-0.0265599	0.696176	6.88936e-14	0.11346	0.993543	3.14193e-14	-4.33842e-14	3.66923e-14	-1	-0.993543	0.11346	4.74065e-14	0.0817724	-4.01181e-14	0.0469578	7.13405e-14	-5.40618e-14	-0.413716	-0.0300558	0.06451	9.50205e-14	0.0601194	0.998191	3.14193e-14	-4.52859e-14	3.43176e-14	-1	-0.998191	0.0601194	4.74065e-14	0.000334394	0	0.950039	8.707e-14	-2.07598e-14	1.66576	-0.544443	1.07151	4.40958e-14	-0.346898	0.937903	3.14193e-14	-5.52707e-14	1.3178e-14	-1	-0.937903	-0.346898	4.74065e-14	-0.157504	-2.51482e-14	0.523293	8.70562e-14	-2.08176e-14	1.6699	-0.543229	1.82979	5.35415e-14	-0.346276	0.938133	3.14193e-14	-5.5262e-14	1.32147e-14	-1	-0.938133	-0.346276	4.74065e-14	-0.314021	-5.01266e-14	0.0992569	8.18533e-14	-3.62241e-14	3.11379	-0.0666677	2.64022	6.29511e-14	-0.170837	0.985299	3.14193e-14	-5.19593e-14	2.29945e-14	-1	-0.985299	-0.170837	4.74065e-14
